// Generado por "wave.m" a las 01:17:37.120
011001000000
011001101000
011010010000
011010111000
011011100000
011100000111
011100101111
011101010110
011101111101
011110100011
011111001010
011111101111
100000010101
100000111010
100001011110
100010000010
100010100110
100011001000
100011101011
100100001100
100100101101
100101001101
100101101100
100110001011
100110101000
100111000101
100111100001
100111111100
101000010110
101000110000
101001001000
101001011111
101001110101
101010001010
101010011110
101010110001
101011000011
101011010100
101011100011
101011110001
101011111111
101100001011
101100010110
101100011111
101100101000
101100101111
101100110101
101100111001
101100111101
101100111111
101101000000
101101000000
101100111110
101100111011
101100110111
101100110010
101100101100
101100100100
101100011011
101100010001
101100000101
101011111001
101011101011
101011011100
101011001100
101010111011
101010101000
101010010101
101010000000
101001101011
101001010100
101000111101
101000100100
101000001010
100111110000
100111010100
100110111000
100110011011
100101111101
100101011110
100100111110
100100011110
100011111100
100011011011
100010111000
100010010101
100001110001
100001001101
100000101001
100000000011
011111011110
011110111000
011110010001
011101101010
011101000011
011100011100
011011110101
011011001101
011010100101
011001111101
011001010101
011000101101
011000000101
010111011101
010110110110
010110001110
010101100110
010100111111
010100011000
010011110001
010011001011
010010100101
010001111111
010001011010
010000110101
010000010001
001111101101
001111001010
001110100111
001110000110
001101100100
001101000100
001100100100
001100000101
001011100111
001011001010
001010101101
001010010010
001001110111
001001011110
001001000101
001000101101
001000010111
001000000001
000111101100
000111011001
000111000110
000110110101
000110100101
000110010110
000110001000
000101111100
000101110000
000101100110
000101011101
000101010101
000101001110
000101001001
000101000101
000101000010
000101000000
000101000000
000101000001
000101000011
000101000110
000101001011
000101010001
000101011000
000101100000
000101101010
000101110101
000110000001
000110001110
000110011100
000110101011
000110111100
000111001110
000111100001
000111110101
001000001010
001000100000
001000110111
001001001111
001001101000
001010000010
001010011101
001010111001
001011010110
001011110011
001100010010
001100110001
001101010001
001101110010
001110010011
001110110101
001111011000
001111111100
010000011111
010001000100
010001101001
010010001110
010010110100
010011011010
010100000001
010100101000
010101001111
010101110110
010110011110
010111000110
010111101110
011000010110
011000111110
011001100110
011010001101
011010110101
011011011101
011100000101
011100101100
011101010011
011101111010
011110100001
011111000111
011111101101
100000010011
100000111000
100001011100
100010000000
100010100011
100011000110
100011101001
100100001010
100100101011
100101001011
100101101010
100110001001
100110100111
100111000100
100111100000
100111111011
101000010101
101000101110
101001000110
101001011110
101001110100
101010001001
101010011101
101010110000
101011000010
101011010011
101011100010
101011110001
101011111110
101100001010
101100010101
101100011111
101100100111
101100101110
101100110100
101100111001
101100111101
101100111111
101101000000
101101000000
101100111110
101100111100
101100111000
101100110010
101100101100
101100100100
101100011011
101100010001
101100000110
101011111001
101011101100
101011011101
101011001101
101010111100
101010101010
101010010110
101010000010
101001101100
101001010110
101000111110
101000100101
101000001100
100111110001
100111010110
100110111010
100110011101
100101111110
100101100000
100101000000
100100100000
100011111111
100011011101
100010111010
100010010111
100001110100
100001010000
100000101011
100000000110
011111100000
011110111010
011110010100
011101101101
011101000110
011100011111
011011110111
011011001111
011010101000
011010000000
011001011000
011000110000
011000001000
010111100000
010110111000
010110010000
010101101001
010101000001
010100011010
010011110100
010011001101
010010100111
010010000001
010001011100
010000110111
010000010011
001111101111
001111001100
001110101010
001110001000
001101100110
001101000110
001100100110
001100000111
001011101001
001011001100
001010101111
001010010100
001001111001
001001011111
001001000110
001000101111
001000011000
001000000010
000111101110
000111011010
000111001000
000110110110
000110100110
000110010111
000110001001
000101111100
000101110001
000101100110
000101011101
000101010101
000101001111
000101001001
000101000101
000101000010
000101000000
000101000000
000101000001
000101000011
000101000110
000101001011
000101010000
000101011000
000101100000
000101101001
000101110100
000110000000
000110001101
000110011011
000110101010
000110111011
000111001101
000111011111
000111110011
001000001000
001000011110
001000110101
001001001101
001001100110
001010000000
001010011011
001010110111
001011010100
001011110001
001100010000
001100101111
001101001111
001101110000
001110010001
001110110011
001111010110
001111111001
010000011101
010001000010
010001100111
010010001100
010010110010
010011011000
010011111111
010100100101
010101001101
010101110100
010110011100
010111000011
010111101011
011000010011
011000111011
011001100011
011010001011
011010110011
011011011011
011100000010
011100101010
011101010001
011101111000
011110011111
011111000101
011111101011
100000010000
100000110101
100001011010
100001111110
100010100001
100011000100
100011100110
100100001000
100100101001
100101001001
100101101000
100110000111
100110100101
100111000010
100111011110
100111111001
101000010011
101000101101
101001000101
101001011100
101001110010
101010001000
101010011100
101010101111
101011000001
101011010010
101011100001
101011110000
101011111101
101100001001
101100010100
101100011110
101100100111
101100101110
101100110100
101100111001
101100111100
101100111111
101101000000
101101000000
101100111110
101100111100
101100111000
101100110011
101100101100
101100100101
101100011100
101100010010
101100000111
101011111010
101011101101
101011011110
101011001110
101010111101
101010101011
101010010111
101010000011
101001101110
101001010111
101001000000
101000100111
101000001110
100111110011
100111011000
100110111011
100110011110
100110000000
100101100010
100101000010
100100100010
100100000001
100011011111
100010111101
100010011010
100001110110
100001010010
100000101101
100000001000
011111100010
011110111100
011110010110
011101101111
011101001000
011100100001
011011111010
011011010010
011010101010
011010000010
011001011010
011000110010
011000001010
010111100010
010110111010
010110010011
010101101011
010101000100
010100011101
010011110110
010011001111
010010101001
010010000100
010001011110
010000111010
010000010101
001111110001
001111001110
001110101100
001110001010
001101101000
001101001000
001100101000
001100001001
001011101011
001011001101
001010110001
001010010101
001001111011
001001100001
001001001000
001000110000
001000011001
001000000100
000111101111
000111011011
000111001001
000110110111
000110100111
000110011000
000110001010
000101111101
000101110001
000101100111
000101011110
000101010110
000101001111
000101001010
000101000101
000101000010
000101000001
000101000000
000101000001
000101000011
000101000110
000101001010
000101010000
000101010111
000101011111
000101101001
000101110011
000101111111
000110001100
000110011010
000110101001
000110111010
000111001100
000111011110
000111110010
001000000111
001000011101
001000110100
001001001100
001001100101
001001111111
001010011010
001010110101
001011010010
001011110000
001100001110
001100101101
001101001101
001101101110
001110001111
001110110001
001111010100
001111110111
010000011011
010000111111
010001100100
010010001010
010010101111
010011010110
010011111100
010100100011
010101001010
010101110001
010110011001
