01111111
00111010
11110011
00000010
11011110
01011110
01011000
11100001
00000001
11110001
00111111
01111001
11001001
00001001
11111011
00100100
10011011
10101011
00011001
11111110
00010000
10111010
10001010
00110001
11110111
00000100
11010110
01101001
01001110
11101000
00000000
11101011
01001001
01101110
11010010
00000101
11111001
00101100
10010000
10110101
00010011
11111110
00010110
10110000
10010101
00101000
11111010
00000111
11001101
01110100
01000100
11101110
00000000
11100101
01010011
01100011
11011010
00000011
11110101
00110101
10000101
10111111
00001101
11111101
00011101
10100110
10100000
00100000
11111100
00001011
11000100
01111111
00111010
11110011
00000010
11011110
01011110
01011000
11100001
00000001
11110001
00111111
01111001
11001001
00001001
11111011
00100100
10011011
10101011
00011001
11111110
00010000
10111010
10001010
00110001
11110111
00000100
11010110
01101001
01001110
11101000
00000000
11101011
01001001
01101110
11010010
00000101
11111001
00101100
10010000
10110101
00010011
11111110
00010110
10110000
10010101
00101000
11111010
00000111
11001101
01110100
01000100
11101110
00000000
11100101
01010011
01100011
11011010
00000011
11110101
00110101
10000101
10111111
00001101
11111101
00011101
10100110
10100000
00100000
11111100
00001011
11000100
01111111
00111010
11110011
00000010
11011110
01011110
01011000
11100001
00000001
11110001
00111111
01111001
11001001
00001001
11111011
00100100
10011011
10101011
00011001
11111110
00010000
10111010
10001010
00110001
11110111
00000100
11010110
01101001
01001110
11101000
00000000
11101011
01001001
01101110
11010010
00000101
11111001
00101100
10010000
10110101
00010011
11111110
00010110
10110000
10010101
00101000
11111010
00000111
11001101
01110100
01000100
11101110
00000000
11100101
01010011
01100011
11011010
00000011
11110101
00110101
10000101
10111111
00001101
11111101
00011101
10100110
10100000
00100000
11111100
00001011
11000100
01111111
00111010
11110011
00000010
11011110
01011110
01011000
11100001
00000001
11110001
00111111
01111001
11001001
00001001
11111011
00100100
10011011
10101011
00011001
11111110
00010000
10111010
10001010
00110001
11110111
00000100
11010110
01101001
01001110
11101000
00000000
11101011
01001001
01101110
11010010
00000101
11111001
00101100
10010000
10110101
00010011
11111110
00010110
10110000
10010101
00101000
11111010
00000111
11001101
01110100
01000100
11101110
00000000
11100101
01010011
01100011
11011010
00000011
11110101
00110101
10000101
10111111
00001101
11111101
00011101
10100110
10100000
00100000
11111100
00001011
11000100
01111111
00111010
11110011
00000010
11011110
01011110
01011000
11100001
00000001
11110001
00111111
01111001
11001001
00001001
11111011
00100100
10011011
10101011
00011001
11111110
00010000
10111010
10001010
00110001
11110111
00000100
11010110
01101001
01001110
11101000
00000000
11101011
01001001
01101110
11010010
00000101
11111001
00101100
10010000
10110101
00010011
11111110
00010110
10110000
10010101
00101000
11111010
00000111
11001101
01110100
01000100
11101110
00000000
11100101
01010011
01100011
11011010
00000011
11110101
00110101
10000101
10111111
00001101
11111101
00011101
10100110
10100000
00100000
11111100
00001011
11000100
01111111
00111010
11110011
00000010
11011110
01011110
01011000
11100001
00000001
11110001
00111111
01111001
11001001
00001001
11111011
00100100
10011011
10101011
00011001
11111110
00010000
10111010
10001010
00110001
11110111
00000100
11010110
01101001
01001110
11101000
00000000
11101011
01001001
01101110
11010010
00000101
11111001
00101100
10010000
10110101
00010011
11111110
00010110
10110000
10010101
00101000
11111010
00000111
11001101
01110100
01000100
11101110
00000000
11100101
01010011
01100011
11011010
00000011
11110101
00110101
10000101
10111111
00001101
11111101
00011101
10100110
10100000
00100000
11111100
00001011
11000100
01111111
00111010
11110011
00000010
11011110
01011110
01011000
11100001
00000001
11110001
00111111
01111001
11001001
00001001
11111011
00100100
10011011
10101011
00011001
11111110
00010000
10111010
10001010
00110001
11110111
00000100
11010110
01101001
01001110
11101000
00000000
11101011
01001001
01101110
11010010
00000101
11111001
00101100
10010000
10110101
00010011
11111110
00010110
10110000
10010101
00101000
11111010
00000111
11001101
01110100
01000100
11101110
00000000
11100101
01010011
01100011
11011010
00000010
11110101
00110101
10000101
10111111
00001101
11111101
00011101
10100110
10100000
00100000
11111100
00001011
11000100
01111111
00111010
11110011
00000010
11011110
01011110
01011000
11100001
00000001
11110001
00111111
01111001
11001001
00001001
11111011
00100100
10011011
10101011
00011001
11111110
00010000
10111010
10001010
00110001
11110111
00000100
11010110
01101001
01001110
11101000
00000000
11101011
01001001
01101110
11010010
00000101
11111001
00101100
10010000
10110101
00010011
11111110
00010110
10110000
10010101
00101000
11111010
00000111
11001101
01110100
01000100
11101110
00000000
11100101
01010011
01100011
11011010
00000010
11110101
00110101
10000101
10111111
00001101
11111101
00011101
10100110
10100000
00100000
11111100
00001011
11000100
01111111
00111010
11110011
00000010
11011110
01011110
01011000
11100001
00000001
11110001
00111111
01111001
11001001
00001001
11111011
00100100
10011011
10101011
00011001
11111110
00010000
10111010
10001010
00110001
11110111
00000100
11010110
01101001
01001110
11101000
00000000
11101011
